778
677
1041
1076
1033
778
677
1041
154
173
243
315
331
360
382
404
440
462
477
492
507
522
537
641
1051
154
173
243
315
331
360
382
404
440
462
477
492
507
522
537
641
1051
1033
154
173
243
315
331
360
382
404
440
462
477
492
507
522
537
553
1282
1301
154
173
243
315
331
360
382
404
440
462
477
492
507
522
537
553
1282
1306
154
173
243
315
331
360
382
404
440
462
477
492
507
522
537
553
1282
1306
154
173
243
315
331
360
382
404
440
462
477
492
507
522
537
553
1282
1306
1287
1301
154
173
243
315
331
360
382
404
440
462
477
492
507
522
537
553
1282
1301
154
173
243
315
331
360
382
404
440
462
477
492
507
522
537
553
1282
1306
154
173
243
315
331
360
382
404
440
462
477
492
507
522
537
553
1282
1306
154
173
243
315
331
360
382
404
440
462
477
492
507
522
537
553
1282
1306
1287
1306
154
173
243
315
331
360
382
404
440
462
477
492
507
522
537
553
1282
1301
154
173
243
315
331
360
382
404
440
462
477
492
507
522
537
553
1282
1306
154
173
243
315
331
360
382
404
440
462
477
492
507
522
537
553
1282
1306
154
173
243
315
331
360
382
404
440
462
477
492
507
522
537
553
1282
1306
1287
1306
1287
725
704
655
1345
1417
149
173
159
173
243
315
331
360
382
404
440
462
477
492
507
522
537
553
228
190
243
315
331
360
382
404
440
462
477
492
507
522
537
553
627
1438
1325
1423
778
677
1041
1033
154
173
243
315
331
360
382
404
440
462
477
492
507
522
537
553
1282
725
704
655
149
173
243
315
331
360
382
404
154
173
243
315
331
360
382
409
440
462
477
492
507
522
537
553
627
1438
149
173
213
243
315
331
360
382
404
440
462
477
492
507
522
537
553
627
778
677
1041
1033
154
173
243
315
331
360
382
404
440
462
477
492
507
522
537
553
1282
725
704
655
149
173
243
315
331
360
382
404
154
173
243
315
331
360
382
409
440
462
477
492
507
522
537
553
627
1438
149
173
213
243
315
331
360
382
404
440
462
477
492
507
522
537
553
627
149
173
159
173
243
315
331
360
382
404
440
462
477
492
507
522
537
553
228
149
173
149
173
243
315
331
360
382
404
440
462
477
492
507
522
537
553
627
178
149
173
243
315
331
360
382
404
440
462
477
492
507
522
537
553
627
178
243
315
331
360
382
404
440
462
477
492
507
522
537
553
234
190
243
315
331
360
382
404
440
462
477
492
507
522
537
553
627
1438
1325
1417
1381
1320
1509
1335
1417
149
173
159
173
243
315
331
360
382
404
440
462
477
492
507
522
537
553
228
190
243
315
331
360
382
404
440
462
477
492
507
522
537
553
627
1438
1325
1423
1381
1320
1509
1335
1423
778
677
1041
154
173
243
315
331
360
382
404
440
462
477
492
507
522
537
641
1051
154
173
243
315
331
360
382
404
440
462
477
492
507
522
537
641
1051
154
173
243
315
331
360
382
404
440
462
477
492
507
522
537
641
1051
1033
154
173
243
315
331
360
382
404
440
462
477
492
507
522
537
553
1282
1301
154
173
243
315
331
360
382
404
440
462
477
492
507
522
537
553
1282
1306
154
173
243
315
331
360
382
404
440
462
477
492
507
522
537
553
1282
1306
154
173
243
315
331
360
382
404
440
462
477
492
507
522
537
553
1282
1306
1287
1301
154
173
243
315
331
360
382
404
440
462
477
492
507
522
537
553
1282
1301
154
173
243
315
331
360
382
404
440
462
477
492
507
522
537
553
1282
1306
154
173
243
315
331
360
382
404
440
462
477
492
507
522
537
553
1282
1306
154
173
243
315
331
360
382
404
440
462
477
492
507
522
537
553
1282
1306
1287
1306
154
173
243
315
331
360
382
404
440
462
477
492
507
522
537
553
1282
1301
154
173
243
315
331
360
382
404
440
462
477
492
507
522
537
553
1282
1306
154
173
243
315
331
360
382
404
440
462
477
492
507
522
537
553
1282
1306
154
173
243
315
331
360
382
404
440
462
477
492
507
522
537
553
1282
1306
1287
1306
1287
1301
154
173
243
315
331
360
382
404
440
462
477
492
507
522
537
553
1282
1301
154
173
243
315
331
360
382
404
440
462
477
492
507
522
537
553
1282
1306
154
173
243
315
331
360
382
404
440
462
477
492
507
522
537
553
1282
1306
154
173
243
315
331
360
382
404
440
462
477
492
507
522
537
553
1282
1306
1287
1301
154
173
243
315
331
360
382
404
440
462
477
492
507
522
537
553
1282
1301
154
173
243
315
331
360
382
404
440
462
477
492
507
522
537
553
1282
1306
154
173
243
315
331
360
382
404
440
462
477
492
507
522
537
553
1282
1306
154
173
243
315
331
360
382
404
440
462
477
492
507
522
537
553
1282
1306
1287
1306
154
173
243
315
331
360
382
404
440
462
477
492
507
522
537
553
1282
1301
154
173
243
315
331
360
382
404
440
462
477
492
507
522
537
553
1282
1306
154
173
243
315
331
360
382
404
440
462
477
492
507
522
537
553
1282
1306
154
173
243
315
331
360
382
404
440
462
477
492
507
522
537
553
1282
1306
1287
1306
1287
1306
1287
725
704
655
1345
1423
149
173
159
173
243
315
331
360
382
404
440
462
477
492
507
522
537
553
228
190
243
315
331
360
382
404
440
462
477
492
507
522
537
553
627
1438
1325
1423
778
677
1041
1033
154
173
243
315
331
360
382
404
440
462
477
492
507
522
537
553
1282
725
704
655
149
173
243
315
331
360
382
404
154
173
243
315
331
360
382
409
440
462
477
492
507
522
537
553
627
1438
149
173
213
243
315
331
360
382
404
440
462
477
492
507
522
537
553
627
778
677
1041
1033
154
173
243
315
331
360
382
404
440
462
477
492
507
522
537
553
1282
725
704
655
149
173
243
315
331
360
382
404
154
173
243
315
331
360
382
409
440
462
477
492
507
522
537
553
627
1438
149
173
213
243
315
331
360
382
404
440
462
477
492
507
522
537
553
627
778
677
1041
1033
154
173
243
315
331
360
382
404
440
462
477
492
507
522
537
553
1282
725
704
655
149
173
243
315
331
360
382
404
154
173
243
315
331
360
382
409
440
462
477
492
507
522
537
553
627
1438
149
173
213
243
315
331
360
382
404
440
462
477
492
507
522
537
553
627
149
173
159
173
243
315
331
360
382
404
440
462
477
492
507
522
537
553
228
149
173
149
173
243
315
331
360
382
404
440
462
477
492
507
522
537
553
627
178
149
173
243
315
331
360
382
404
440
462
477
492
507
522
537
553
627
178
149
173
243
315
331
360
382
404
440
462
477
492
507
522
537
553
627
178
243
315
331
360
382
404
440
462
477
492
507
522
537
553
234
190
243
315
331
360
382
404
440
462
477
492
507
522
537
553
627
1438
1325
1417
1381
1320
1509
1335
1417
149
173
159
173
243
315
331
360
382
404
440
462
477
492
507
522
537
553
228
190
243
315
331
360
382
404
440
462
477
492
507
522
537
553
627
1438
1325
1423
1381
1320
1509
1335
1417
149
173
159
173
243
315
331
360
382
404
440
462
477
492
507
522
537
553
228
190
243
315
331
360
382
404
440
462
477
492
507
522
537
553
627
1438
1325
1423
1381
1320
1509
1335
1423
154
173
243
315
331
360
382
404
440
462
477
492
507
522
537
553
627
1542
1340
1423
1381
1614
1575
1552
